-43,93705693,-19,92119014
-46,634781,-23,548792
-51,22971567,-30,02810066
-43,35783545,-22,99938273
-46,55422838,-23,115848
-46,69662713,-23,5740471
-47,525059,-23,21055
-42,55740026,-19,48616084
-43,92812937,-19,87577336
-44,03853118,-19,94263428
-43,18387699,-22,96822769
-46,33247632,-23,96754745
-42,53191194,-22,28685205
-46,5666394,-21,789838
-45,45656538,-22,42482202
-40,39140049,-20,34039924
-51,46037319,-23,55151907
-46,76777344,-22,70323109
-43,3048956,-22,79029674
-46,54004364,-23,54749876
-45,07361756,-23,43354629
-46,59490392,-23,54101492
-43,97439113,-19,88409425
-43,34174203,-22,8705886
-44,02351124,-19,94811675
-43,28347657,-22,90349692
-51,15429231,-23,31320984
-48,32108795,-21,25485766
-43,92989313,-19,91259636
-52,40703273,-28,26088171
-40,287824,-20,312859
-43,22431595,-22,91810446
-43,17751008,-22,51078329
-49,281022,-16,743203
-47,4617667,-23,53196463
-47,279549,-23,265646
-46,88637451,-23,18655072
-47,99059318,-21,13744717
-54,60815467,-16,47349961
-48,17612751,-21,78777542
-43,24198982,-22,91521002
-47,80933131,-21,17579921
-46,53304294,-23,64905315
-43,17913633,-22,93048527
-35,74248928,-9,663810286
-49,75210771,-21,67346779
-46,54152605,-22,95000806
-43,34922222,-21,75957459
-46,70138221,-23,65514362
-46,179452,-23,516125
-40,289134,-20,341308
-43,11887126,-22,89434705
-45,880635,-23,200299
-35,20667256,-5,812005033
-47,883185,-15,791283
-46,62102374,-23,56486942
-46,54705749,-23,59459714
-48,44069411,-22,88808971
-45,55439222,-23,02533077
-47,95310839,-19,76743886
-47,05839132,-22,90772538
-46,52117993,-23,54339002
-46,32753838,-23,93472796
-50,54681553,-20,27031068
-48,56843544,-20,55877846
-43,28439257,-22,88728104
-46,47806512,-23,6084458
-43,355729,-22,797883
-38,54026128,-3,739783471
-46,70262796,-23,52117228
-38,49636641,-3,733751312
-54,59420533,-20,45997424
-43,27012109,-22,87971379
-46,58847426,-23,51704569
-54,80881667,-22,22904803
-43,25000822,-22,9192386
-46,69352259,-23,68279422
-46,50735311,-23,56511182
-46,67827572,-23,67471814
-45,57839988,-22,72492794
-48,259293,-18,910878
-46,63880997,-23,52862563
-46,56437714,-23,63530958
-40,33071598,-20,31934528
-48,044044,-15,841311
-43,93689376,-19,92230307
-56,0301327,-15,64762364
-43,30790707,-22,84958372
-47,64775086,-22,72269168
-37,058435,-10,94083
-45,96922287,-23,30582535
-46,46031502,-23,66824585
-46,63721967,-23,50317037
-46,63654063,-23,54874259
-46,89220079,-23,16936304
-53,4600524,-24,95652591
-45,93508314,-22,23108849
-34,88033909,-7,115324953
-46,69265323,-23,60578364
-45,90723285,-23,20625613
-46,79802,-21,97051
-47,5550192,-22,41252806
-46,97418637,-23,02877103
-48,03735699,-23,57885379
-44,24716607,-19,46401352
-47,76818207,-21,20372223
-48,435683,-1,40533
-49,2699346,-16,70692153
-47,39700821,-22,75685458
-47,38552752,-22,35493936
-51,21237302,-30,02548874
-49,07832557,-22,32324908
-46,60029851,-23,60037988
-46,54185623,-23,56746973
-49,40021915,-20,83567762
-46,547409,-23,524773
-48,55012148,-27,59577866
-46,41466995,-24,01222177
-49,32638113,-25,40569103
-46,60103526,-23,55550948
-40,83937625,-14,84994345
-46,60656649,-23,48027978
-43,93445021,-19,93767687
-46,62558924,-23,49964626
-46,52851957,-23,66073461
-46,84056413,-23,00513131
-46,99608514,-22,97042201
-48,97213888,-21,137925
-47,06743773,-22,88580795
-46,64746665,-23,5653457
-43,34739911,-21,76094146
-52,34080666,-31,76809238
-47,05764823,-22,85428322
-45,41112468,-23,62268122
-46,63984892,-23,54524889
-46,5288,-23,46782129
-46,68761437,-23,56159425
-47,890946,-22,01344953
-48,84895132,-26,2994966
-46,38310824,-23,96741554
-49,26275793,-16,71382663
-45,89398684,-23,21740164
-47,42749022,-21,99810805
-53,91441441,-28,39139265
-49,38128959,-20,81168737
-51,15778021,-23,32204859
-53,74071336,-24,73230495
-47,40450534,-22,56555947
-46,67181868,-23,62201886
-43,46295732,-23,0131748
-49,3131786,-16,71100507
-49,26493518,-25,44950238
-63,03694466,-9,920970043
-48,84552829,-27,26659039
-52,15170357,-32,05042249
-50,38399777,-25,87310561
-46,25824493,-23,99241791
-53,09129385,-28,62661398
-47,204566,-22,832812
-53,31141377,-27,90309215
-48,52651543,-27,62111157
-45,22657593,-18,20441133
-54,78301326,-19,0846037
-51,05743967,-29,68196707
-49,17674171,-26,73706769
-48,33040481,-10,1863121
-41,53401714,-20,7607517
-39,24942782,-12,40653486
-52,98305663,-24,54196532
-56,5575621,-29,1324801
-44,22918353,-2,561077058
-50,2310479,-23,04879947
-44,08071109,-19,54431874
-35,04125444,-8,288958635
-49,41031279,-20,84103036
-46,51139814,-23,67073218
-39,60062838,-3,492584809
-53,14377908,-18,51002923
-49,23555492,-25,388405
-41,753626,-2,909763
-42,22892379,-15,81468759
-48,61986338,-1,519060074
-40,08223101,-13,86014603
-40,07710908,-13,8532345
-49,26813507,-25,42960241
-46,5882644,-23,41976398
-43,96807993,-19,92502404
-37,43054753,-10,69017875
-51,50000016,-22,275
-39,31833641,-7,204026705
-50,00071749,-25,42017887
-53,80875154,-29,68679235
-35,45484202,-7,879609043
-52,41160192,-28,26147633
-47,459659,-23,495641
-47,46109174,-23,5372592
-46,92209807,-23,60299955
-34,91739093,-8,133626812
-48,99922579,-26,47379463
-48,65923586,-26,90625354
-42,03861691,-22,87531232
-49,26295466,-25,42788923
-48,49471386,-1,453146884
-43,19330941,-22,95445
-48,55890971,-20,57536651
-46,37265593,-23,51377632
-40,29647544,-20,30608772
-38,48492938,-3,740101769
-40,30412294,-20,31160401
-48,25585166,-15,93743104
-52,623,-18,79399998
-46,50795624,-23,66432926
-51,60999996,-28,78399998
-52,56571352,-25,99886524
-53,79518407,-29,68950256
-43,40137637,-22,97297751
-50,99561467,-29,94953969
-47,48395201,-23,45843253
-44,28986188,-2,513070135
-44,02822245,-19,87496003
-46,44396334,-23,49137386
-49,407826,-25,594492
-48,54929874,-27,59886599
-47,148364,-22,768559
-46,83473677,-23,5019916
-43,95233373,-19,84224004
-50,574553,-22,414482
-42,78411468,-5,066215952
-48,40957243,-10,70083515
-46,69214805,-23,56845018
-42,700382,-21,886347
-43,80599988,-20,95399998
-37,098,-6,45800004
-43,77243502,-21,22174055
-38,47845192,-12,90423773
-44,06283124,-19,94570479
-36,49477859,-8,891711378
-48,9126387,-19,30001596
-47,18099988,-1,19600001
-51,56899992,-10,64400003
-49,06374649,-26,92095077
-49,27573353,-16,62971501
-35,69728861,-9,626840885
-36,48170025,-8,884040811
-46,72454971,-23,65459849
-36,42400008,-8,33599998
-46,55803082,-23,68352614
-51,971538,-22,835072
-38,46356557,-4,173933257
-49,24731046,-25,42465851
-42,365465,-22,030446
-41,71299984,-19,80099999
-43,34707682,-21,77675196
-40,283486,-20,33556168
-45,480682,-22,948621
-45,247781,-5,505697
-40,26839059,-20,19349981
-57,18099996,-15,07300002
-51,48337754,-25,40918154
-47,86103513,-20,58023009
-38,505315,-12,93579
-53,80789568,-25,67118057
-52,02699709,-23,51540156
-51,101574,-21,134832
-44,05173841,-19,93832774
-41,77000008,-12,41900001
-38,575558,-3,763895
-48,093829,-15,809224
-44,00250251,-19,80760021
-35,264135,-8,117729
-43,86434546,-16,72300356
-61,90099992,-11,17600002
-48,65368499,-26,90098763
-52,31898511,-31,75963385
-40,309029,-12,517797
-35,03011097,-8,279720646
-46,30811222,-23,98440424
-45,126,-20,47300002
-48,56944986,-22,73141711
-54,75999996,-18,50699997
-49,3852445,-20,77044368
-48,157513,-17,716496
-49,90600008,-26,33599998
-46,718552,-23,506189
-46,48262882,-23,60264366
-43,40305434,-22,88497721
-43,36633443,-22,94226332
-44,89391273,-19,68484301
-72,66348795,-7,631387781
-50,12464669,-18,83990403
-41,120445,-20,858331
-55,16799984,-21,61400004
-50,57869754,-27,28501806
-38,473092,-12,996059
-51,73400016,-19,11300003
-51,99239483,-26,48351066
-49,28178551,-16,68739142
-44,766,-20,44299996
-34,948302,-7,145556
-43,287207,-22,767227
-44,93499984,-19,224
-46,94877381,-22,36747616
-47,833765,-21,225523
-39,30175357,-7,311037807
-34,89725622,-8,116056111
-35,211246,-5,841511
-43,787142,-20,661791
-38,55949461,-3,774946973
-48,48928179,-1,444710179
-43,89976363,-22,62755197
-40,122,-18,37999998
-59,94487966,-3,111866241
-47,96520007,-15,82523014
-38,073607,-12,642281
-48,66909447,-28,24085371
-46,74515059,-23,360418
-49,42594667,-16,49605909
-53,395228,-27,356922
-36,05100645,-7,998931397
-41,95071674,-18,85822893
-37,9700427,-4,934716812
-49,08259394,-26,48178216
-50,1577994,-25,09412255
-46,53542169,-23,42743282
-44,25477844,-2,490486203
-46,50842767,-23,44752449
-43,24749,-22,989525
-54,91000008,-9,78800004
-54,559105,-20,397591
-46,76481686,-23,65757515
-43,81499988,-17,10800001
-52,89814288,-25,45775205
-47,200472,-18,476806
-47,91412074,-19,75636969
-40,8922224,-18,75688894
-46,77854991,-23,52886305
-46,55691119,-23,46205682
-46,76917514,-23,54000024
-46,39595012,-23,50652111
-48,78273293,-28,48413025
-40,6304581,-19,53588928
-37,37726079,-5,171634085
-53,81651638,-22,3099485
-43,32428864,-23,00268271
-42,5324673,-22,27997769
-46,059946,-22,61065
-48,405275,-1,365611
-67,84642972,-9,985850668
-34,913135,-8,038009
-46,30919779,-23,6878636
-51,081831,-0,011217
-53,50082439,-28,28851617
-58,09600008,-15,67500003
-44,948057,-17,352628
-47,95231932,-15,79884057
-46,69162921,-23,73950444
-56,487139,-21,127338
-47,50497846,-22,99842476
-36,909,-5,57700003
-38,40493476,-12,90257415
-54,321468,-30,338445
-46,289925,-23,989732
-56,05173767,-15,55769862
-43,346813,-22,778975
-44,23630411,-20,03092509
-40,746152,-20,022546
-40,600373,-19,9325
-42,84100008,-21,00999996
-39,01399992,-10,50800004
-37,998,-11,18400003
-49,086525,-5,356482
-48,95300016,-16,97300001
-46,697684,-23,60984529
-51,14755994,-23,31150618
-50,73400008,-21,92200002
-35,748,-7,81499997
-38,5232229,-12,99502529
-46,38166197,-23,96330525
-40,34554093,-3,701403906
-51,46384783,-23,55216859
-42,754239,-5,091082
-46,74398742,-23,2839744
-46,453992,-23,501543
-47,519552,-22,580753
-48,47500008,-8,05899996
-39,03443893,-14,79979877
-51,15653585,-23,31139693
-34,91780943,-8,027064074
-38,96598013,-12,2529691
-37,77135931,-4,566101765
-49,0693975,-26,88296328
-37,63900008,-7,75099998
-52,51048019,-28,82965999
-34,90199219,-8,116914234
-38,54361992,-12,67026115
-49,94899992,-15,56199999
-39,06168067,-13,36940191
-44,77486489,-4,230581965
-40,25726026,-20,19768809
-51,96512382,-29,46285998
-46,31702676,-22,85303391
-35,21029611,-5,840646118
-48,05408918,-15,83370118
-46,52040435,-23,5158665
-43,693238,-20,525239
-51,11600004,-10,01199996
-58,74099984,-11,37799998
-46,57083572,-22,42767547
-46,36900008,-14,09300001
-38,54505479,-3,730075822
-50,01524437,-29,75396898
-55,794202,-20,474793
-38,46284855,-12,99766312
-47,889259,-15,786998
-48,65240123,-27,62343216
-47,900323,-15,736051
-47,87000289,-15,83149963
-48,5041332,-16,08070519
-51,67017085,-24,23930585
-43,937607,-19,92496347
-35,25398304,-7,845396101
-49,44899988,-17,52599997
-35,20600429,-5,891720414
-49,224348,-16,406225
-50,138133,-29,98712
-46,70198997,-23,61778792
-60,09290184,-3,070125483
-49,384399,-23,193734
-43,92836164,-19,92767531
-38,45800183,-12,94417186
-47,88406,-15,771205
-49,26635467,-16,67843197
-46,49163188,-23,54117414
-43,94801609,-19,9733425
-48,652062,-27,020841
-42,28999992,-16,17000003
-40,97999988,-18,78200001
-38,47867141,-12,98807188
-46,33599442,-23,95320548
-44,827562,-20,697466
-55,16899992,-15,54699996
-53,60464423,-28,64250258
-54,864128,-29,1939
-42,932366,-22,915336
-38,70969764,-12,54852492
-42,06999996,-16,84999998
-42,939704,-21,119644
-44,22613602,-2,535109914
-48,02381407,-15,84255247
-46,77811132,-23,51321558
-46,70947236,-23,51322087
-50,19963593,-19,7291127
-55,712777,-12,541244
-47,55300012,-2,06000001
-56,07621776,-15,61155002
-43,94302901,-19,91820579
-43,016456,-22,827137
-52,40940213,-25,39952411
-49,27867316,-16,79107129
-36,02888492,-9,159770154
-39,071842,-16,493097
-51,76035045,-24,75914605
-49,3144362,-25,43683354
-49,92599988,-16,80499998
-41,85600012,-11,304
-42,47499996,-14,06899998
-38,55503744,-3,820799993
-40,500719,-9,412559
-46,16699033,-23,52701872
-43,4094638,-19,96112987
-45,88623899,-23,18414492
-46,59564806,-23,46822803
-51,08619348,-26,22958522
-49,64234009,-27,21529269
-48,21999984,-13,53300003
-48,84989491,-26,30331681
-51,95475104,-23,41594245
-51,779936,-23,49519
-43,34960691,-23,000472
-40,318542,-20,392595
-35,206669,-5,785797
-34,8827072,-7,119955041
-43,17811708,-22,90732552
-48,28200012,-15,76199997
-43,414323,-22,974604
-40,53766044,-19,01844228
-48,633838,-27,240081
-37,438287,-11,271764
-57,52000008,-11,25500004
-47,069225,-23,932496
-34,89062987,-8,085992153
-52,2759317,-27,63107699
-35,2450117,-5,757976365
-49,26653984,-16,66360109
-49,23724219,-16,72950018
-43,601825,-18,246474
-46,4479697,-23,66468351
-46,54933889,-23,72280314
-47,61399996,-15,453
-43,859271,-20,501942
-44,36374711,-15,48563825
-47,64762389,-22,73767981
-44,28751282,-2,500305501
-47,50423899,-5,267826116
-49,06543723,-22,31699073
-35,971446,-8,284587
-58,76399988,-12,98899998
-43,57367314,-22,9285466
-46,63354419,-23,55147578
-51,87338218,-23,4416424
-35,006172,-7,566126
-51,1064696,-30,0685209
-44,44481093,-20,11915577
-39,00725545,-11,66116247
-46,54428784,-23,72251787
-47,906819,-15,815499
-46,375759,-23,962457
-46,65938005,-23,56969146
-47,7258226,-23,81033514
-44,20128331,-20,14267439
-46,64592444,-23,49418489
-47,38678426,-22,53194395
-49,598823,-15,306954
-51,153227,-23,282475
-40,69400004,-16,18399998
-37,055731,-10,920633
-60,02411105,-3,088940924
-46,41840843,-23,52262697
-36,65618574,-9,733722971
-45,70300008,-22,25199996
-39,30932,-4,351418
-40,49799984,-7,57600002
-34,90152743,-8,030326054
-48,633706,-26,246795
-39,10200012,-12,67000002
-46,47901268,-24,025858
-44,08726,-19,766175
-49,2715289,-25,43205307
-49,32068562,-16,76587902
-46,62303531,-23,57445769
-44,084361,-19,913525
-59,956634,-3,075631567
-44,10565509,-22,49738383
-42,93299988,-18,77499999
-43,47134584,-22,45489806
-49,23430426,-26,8958702
-49,302468,-25,45771246
-48,03900012,-16,05899997
-43,41800016,-13,25500002
-37,05921754,-8,420385441
-48,949279,-16,324455
-43,17721585,-22,92866555
-49,24932734,-25,47685933
-47,130499,-22,930878
-38,229734,-6,759921
-40,08200004,-7,88300001
-51,93623413,-23,42205138
-39,41119744,-7,231811752
-47,4564,-22,482545
-61,01300016,-11,52500004
-43,32275368,-23,00329547
-53,51907596,-24,40983389
-61,18986671,-11,67306882
-35,59200012,-8,68300002
-45,88577549,-23,18098801
-48,08156317,-15,81058759
-49,27352901,-25,43192888
-51,25406188,-30,11516798
-51,24483227,-30,10680162
-46,8916332,-23,20082989
-47,50499988,-4,28499999
-38,65078041,-3,734629059
-34,89863959,-8,040801991
-51,11799984,-16,44200001
-48,08177193,-15,86051291
-54,0912539,-25,30132656
-49,09299984,-16,70799996
-48,84515574,-26,32054302
-48,45999996,-14,47399998
-40,659379,-20,362803
-40,993698,-3,729467
-51,22883726,-27,40276867
-48,48616401,-1,454473715
-41,135888,-20,84600848
-49,96199988,-16,461
-38,09800008,-5,14600002
-38,540151,-3,739287
-43,38411778,-23,00087943
-51,0457,-23,269354
-49,94600004,-7,09499997
-49,80999996,-16,02
-46,67352791,-23,51327015
-48,47873332,-1,41723232
-50,01045872,-24,79490914
-43,12191795,-22,90273217
-50,607711,-25,229885
-43,02299988,-6,76700001
-45,379546,-3,662308
-37,67132734,-10,9153599
-46,7411133,-23,61401261
-60,02431923,-3,081179654
-36,206058,-7,954217
-43,947111,-19,81938
-35,73914998,-9,617716236
-49,34199556,-16,76859886
-48,95683774,-26,92875678
-40,6304581,-19,53588928
-51,46169988,-29,68438114
-38,58275021,-3,738126964
-38,47379226,-12,96597271
-51,67333615,-23,52729751
-51,14730417,-29,82436778
-51,16107389,-30,01098236
-51,16100004,-6,74800002
-39,12000012,-8,06699997
-38,55689135,-6,88734715
-48,445901,-1,370709
-47,92291515,-15,79968883
-43,17295731,-22,50856172
-43,87935784,-16,72430922
-46,86522408,-23,48385207
-48,276187,-18,956944
-35,20942936,-5,809114595
-39,26908695,-12,95445382
-51,22219605,-30,02794961
-38,53911339,-3,75761809
-42,62601073,-19,52517402
-39,28299984,-11,56400001
-53,054047,-25,746999
-54,7123224,-2,419445326
-53,02735753,-24,18549142
-40,40690981,-18,71087026
-43,12027123,-22,89349438
-49,28150455,-25,4435136
-55,53369344,-30,89244022
-38,432762,-12,962024
-49,26285518,-25,41788884
-43,42819767,-22,87870874
-43,90707348,-19,8839068
-34,85906185,-7,119620654
-50,375799,-16,521591
-34,846069,-7,091959
-46,60510655,-23,63268619
-46,39995759,-23,53435298
-43,36856535,-22,8400855
-46,79604548,-23,73395615
-46,6276749,-23,61909747
-43,099766,-22,857326
-46,74688582,-23,56125302
-49,29222951,-25,4916067
-47,31289262,-22,94905123
-46,59505377,-23,58135084
-49,18433171,-25,36062524
-42,8200181,-5,078887761
-43,36467497,-21,78112634
-51,17629446,-29,85060581
-46,854733,-23,515473
-51,22703391,-30,02966875
-44,255516,-2,527601
-46,3865782,-23,96838628
-49,27449251,-25,41161182
-47,136599,-23,533158
-47,84851792,-23,34908053
-51,16335269,-30,02266334
-48,02918862,-15,83842075
-38,49055658,-3,757060551
-49,33400004,-15,75700002
-43,32825971,-22,83322336
-40,274143,-20,239765
-45,583218,-23,025078
-48,40570436,-1,094519633
-47,49931822,-4,950093474
-43,44982264,-22,75814899
-43,45678676,-22,74531204
-38,46993234,-12,97851795
-48,66670042,-27,64674393
-46,42470173,-23,54259527
-43,2330268,-22,92322731
-52,67120194,-26,22558214
-46,94219296,-22,37025464
-51,14614315,-29,76874364
-43,810634,-19,890286
-51,380396,-20,898971
-47,47225943,-5,534207888
-43,95189187,-19,78205315
-47,884376,-15,786621
-52,15877494,-32,1851761
-46,829347,-23,521662
-41,814344,-22,393818
-51,73187766,-17,87901858
-47,165016,-22,580335
-46,88288274,-23,18898007
-48,34776477,-24,00612244
-46,6220415,-23,48223632
-63,90148789,-8,760911748
-37,278874,-7,033543
-44,19800027,-19,96578854
-40,35399984,-17,83899999
-49,33702746,-25,47715832
-46,57729,-23,627786
-34,912841,-8,037
-38,49662498,-3,736675058
-50,645063,-25,465967
-43,27960033,-22,8414921
-46,57331039,-23,66957392
-34,83889984,-7,151925546
-46,891038,-21,828839
-49,20173208,-25,53743757
-52,45421448,-23,07650487
-47,41391673,-22,75524855
-46,8583524,-23,5995003
-49,00727306,-28,48113868
-39,581639,-16,373383
-43,24125956,-22,932409
-35,86888414,-7,234465026
-37,078374,-10,851216
-38,396317,-12,936466
-52,626393,-27,069843
-41,78104755,-2,906350771
-54,5743375,-25,53285542
-48,015813,-15,816802
-46,47154929,-23,62084665
-40,30547672,-20,33889607
-53,83205997,-24,28117397
-48,277805,-17,306653
-55,91099988,-13,05
-49,66982984,-3,767018727
-54,04069502,-24,56841596
-48,65964505,-26,90408877
-40,521384,-11,190737
-47,44354169,-23,48896655
-43,99947952,-19,8911005
-57,89199996,-13,67499996
-51,17873329,-30,03259907
-43,19081673,-22,98407445
-44,429082,-18,754221
-38,96420213,-12,25502993
-46,7554704,-23,56783824
-46,57449898,-23,5450038
-43,93714711,-19,93836238
-46,68943994,-23,57272005
-45,96213689,-23,3043498
-41,46775,-7,077265
-43,9813527,-19,94982894
-48,55708706,-27,59326972
-49,13539258,-14,52440668
-43,35096821,-22,8535758
-38,30092423,-7,991100144
-47,77947901,-15,77090887
-48,50396787,-21,4088166
-56,094405,-15,596791
-43,36082447,-22,92484925
-54,65217694,-20,51474783
-44,44041,-22,461561
-51,23169551,-30,03061692
-46,58517339,-23,31907512
-46,55034731,-23,52729796
-39,27698286,-14,80015151
-48,46640179,-1,449419974
-52,89009,-30,053502
-55,45500012,-10,81299996
-46,03944788,-7,535051187
-55,7958815,-29,78546542
-51,18368552,-30,04367302
-49,35700008,-18,01299996
-47,555372,-24,709201
-54,59373853,-20,45179295
-48,672082,-27,641961
-43,31988953,-22,82486971
-51,22351804,-30,06036062
-49,28938915,-25,47805262
-49,1150121,-26,87442842
-49,38192675,-28,68308839
-51,22795247,-30,04847849
-47,21792457,-23,11739108
-41,67798074,-21,13613106
-49,891883,-6,070713
-50,45795901,-18,44598403
-47,779364,-20,336909
-60,14599992,-12,74100003
-51,813815,-30,850503
-51,19913563,-30,01783001
-52,78163045,-28,28137462
-47,10945295,-22,94548873
-54,10519985,-31,33447162
-43,44572667,-23,00881246
-51,13039708,-30,00085063
-49,719526,-25,764544
-50,390807,-26,176443
-43,93891108,-19,91651549
-46,84890607,-23,7137199
-47,940454,-15,803424
-55,98185215,-4,273677371
-38,46975983,-12,98899569
-39,85412076,-18,71702434
-43,12412315,-22,89604694
-48,284822,-18,9312868
-34,8994551,-8,052340365
-43,36622438,-22,88539626
-43,39534274,-22,77078219
-48,05478343,-15,90185268
-55,7285422,-22,54016611
-62,2516932,-10,71782011
-45,56599992,-21,08999997
-47,05800012,-23,15300004
-59,3361241,-15,23120133
-52,21478003,-3,208571964
-53,31551916,-23,78869313
-45,81058278,-12,08677986
-46,13352896,-23,83961091
-47,04175081,-22,92730026
-47,92686966,-1,291122321
-46,65266889,-23,55352056
-49,32950039,-16,71141284
-46,597268,-23,631023
-50,269146,-29,88709
-46,64439453,-23,54591484
-43,92327582,-19,94411372
-49,3196947,-25,43866629
-48,64612888,-26,99931885
-50,892669,-22,228129
-48,001286,-16,006298
-45,4353333,-21,55607068
-49,2775828,-16,66276872
-44,107021,-22,517294
-51,96512382,-29,46285998
-35,48999988,-6,85500003
-34,87351003,-8,063328509
-46,65001198,-23,5312124
-47,84872293,-15,81476191
-43,17720641,-22,92833841
-46,565635,-23,609678
-48,54549762,-22,29823827
-44,2995441,-2,507679636
-46,45722829,-23,50542458
-47,8891848,-15,81019241
-47,80925377,-21,20252567
-42,53200836,-22,28914291
-49,18726104,-25,44074582
-43,287207,-22,767227
-38,32617823,-12,69843679
-46,55080815,-23,70890001
-51,41184901,-22,11576927
-43,17888138,-22,90320544
-48,19232162,-18,65046825
-44,71945281,-23,21963854
-49,35304828,-25,42646859
-43,66266573,-22,40973289
-57,65301922,-18,99974612
-46,75084638,-23,58663445
-40,29647544,-20,30608772
-50,97247531,-25,20965599
-56,00691433,-28,65863227
-40,29795937,-20,35880256
-49,11599988,-4,45100004
-49,2451651,-16,70143129
-49,35343545,-16,77413756
-42,69420465,-21,38906897
-51,96807386,-23,41932241
-43,91332879,-19,91937572
-35,18038531,-5,872701204
-40,29264463,-20,28906385
-47,4014998,-20,53595572
-46,5509823,-23,5759618
-47,02428448,-22,95105421
-46,66357813,-23,67405195
-39,01505117,-4,969841497
-38,46568145,-12,97920857
-46,61221266,-23,60245727
-34,83844184,-7,167084381
-40,193057,-10,464504
-51,19143009,-19,67222612
-46,68921567,-23,62274431
-38,50084341,-12,93306229
-46,832418,-23,592108
-43,17807719,-22,61075264
-46,55749374,-23,59570328
-43,25644689,-22,92338165
-38,42345311,-12,13642675
-43,40314972,-22,8849585
-46,55489,-23,676874
-48,94769105,-16,30209152
-43,37166279,-22,80110845
-49,25369864,-16,66984492
-49,29228429,-25,42148015
-46,6133525,-23,54100572
-54,47874547,-27,86870856
-61,762302,-11,725542
-43,34872577,-23,00048303
-40,27289105,-19,81509859
-47,73307926,-21,34067981
-40,0814853,-13,86067337
-48,95456568,-16,32852721
-51,93286155,-23,41954496
-48,8447121,-26,30178842
-46,70945003,-23,65244461
-49,108104,-17,733158
-47,64695068,-15,61902749
-50,00067892,-8,038300814
-46,51997867,-23,46814933
-38,30534462,-12,87561467
-41,94500004,-22,527
-42,77966779,-14,22438918
-42,89510408,-20,40889049
-49,97488853,-23,15950072
-47,93719084,-19,74876331
-46,6595484,-23,55830671
-46,88992566,-21,59643853
-56,08599984,-9,87599997
-46,66799919,-23,60985241
-47,38720374,-22,18491631
-39,299265,-6,361573818
-52,42923958,-29,71640158
-46,60007286,-23,52386765
-53,47723861,-24,94977515
-43,94255751,-19,95831402
-49,12824837,-15,32676952
-51,21327848,-30,05212865
-52,546306,-17,566337
-43,748444,-22,866469
-47,30131099,-23,26116377
-46,40544263,-23,49470928
-46,90201908,-16,35978962
-44,25919653,-21,13622483
-40,35762151,-3,682635158
-46,52550075,-23,46239419
-47,57310486,-23,64927394
-51,191026,-29,171304
-37,36321326,-5,180483929
-51,20602607,-30,02859882
-43,92711641,-19,93319384
-44,27566034,-19,47486655
-39,32548418,-7,22183941
-45,88464222,-23,22785671
-49,28166203,-16,70782321
-53,05195036,-26,07777723
-46,68790222,-23,53540749
-50,37396331,-23,10995692
-47,47912299,-21,70748534
-47,06746881,-22,88547806
-54,61528531,-20,46395129
-47,92109774,-15,74637532
-48,06699984,-4,77600003
-38,524312,-13,006511
-47,96520007,-15,82523014
-43,34986036,-21,7554954
-47,26717318,-22,82347222
-46,5754162,-23,53857076
-46,52209072,-23,68703187
-51,3907216,-22,13135546
-49,511959,-20,818713
-44,01624718,-19,97607059
-48,4983503,-21,26289237
-46,979089,-23,085236
-48,36528134,-21,60204582
-47,1533296,-22,76268576
-48,812032,-21,595149
-43,43066557,-22,78376404
-47,04967296,-22,93732364
-45,3662698,-23,81295886
-47,816517,-21,164329
-35,972329,-8,277721
-46,614106,-22,292542
-43,80321696,-20,25374331
-54,73458543,-2,427350242
-46,73655958,-23,64083261
-52,40665281,-26,8773591
-50,43538412,-21,22186322
-48,52038675,-27,59675321
-50,44027356,-21,2060966
-46,60881222,-23,66600555
-44,60949172,-19,86057754
-44,02722741,-19,89985686
-35,952473,-8,294576
-46,52498179,-23,66727735
-47,34054,-15,53563
-41,953714,-18,85446289
-46,69122535,-23,59536969
-43,134269,-22,399835
-48,01822007,-15,88011463
-46,5901533,-23,62335489
-47,955608,-15,83287
-46,8391479,-23,51989154
-46,78308083,-23,20355257
-46,57445329,-23,49165544
-49,06907821,-11,73012705
-46,63635165,-23,56580102
-40,06620212,-19,40042057
-51,2073804,-30,03692885
-43,1786736,-22,95459348
-42,64130552,-21,53158928
-46,32315267,-23,97111947
-46,69248246,-23,48657503
-49,80483,-26,111826
-38,56679552,-3,735955303
-48,884842,-10,173903
-46,53180354,-23,63389749
-43,50738,-20,384972
-50,18736566,-23,84868149
-46,66167823,-23,49435115
-37,43054753,-10,69017875
-45,255959,-21,697755
-40,29067179,-20,33626812
-46,66208527,-23,60848547
-54,18635714,-23,06621807
-47,741382,-23,16458
-49,148594,-13,444873
-60,65717175,2,838922368
-48,05065779,-23,58968796
-46,63874451,-23,54607288
-67,808837,-9,971422
-47,885686,-15,764882
-43,41684589,-22,81001905
-49,27626091,-26,82517613
-34,83433802,-7,097275386
-38,62047382,-3,878862424
-48,27720677,-18,91527822
-44,318763,-23,006866
-47,908578,-22,550753
-51,16943774,-30,02804836
-51,18408361,-30,00795808
-42,03021985,-20,73450347
-48,197717,-15,680884
-47,820993,-15,868502
-62,47641905,-10,42572045
-48,854472,-26,256111
-51,062067,0,034002
-47,3777098,-2,993339414
-46,907087,-23,186433
-49,90301969,-6,068713692
-51,074799,-21,68426
-43,41631451,-20,37785086
-46,17360876,-17,74330992
-45,78000012,-22,554
-41,31995,-21,7566
-55,72154,-12,545584
-49,2425597,-25,40320407
-45,906153,-23,223355
-46,42105788,-23,48676066
-47,92328922,-15,8262751
-45,19823542,-22,8110485
-43,17590976,-22,91090189
-47,05289798,-22,90108567
-46,639351,-23,540758
-48,60387984,-27,12553229
-54,29781781,-15,55567256
-46,63684925,-23,60131833
-47,88472549,-20,72067666
-45,92000016,-21,67499997
-50,938343,-28,505054
-47,012428,-22,981538
-49,253831,-16,673418
-46,45506222,-23,53770403
-50,92419545,-27,02413923
-51,18218888,-29,1680628
-46,65097983,-23,56573032
-50,87283471,-21,79710606
-49,49600004,-16,35800004
-43,30990145,-22,78424903
-47,80840395,-21,18212142
-42,1810673,-21,54014695
-43,77832076,-22,87072681
-44,04332102,-19,61903299
-49,3829974,-26,24986942
-45,426939,-20,466066
-46,905414,-22,741094
-46,5526769,-23,62695542
-51,71072384,-17,87897518
-42,861498,-22,747804
-47,07946827,-22,82765488
-49,266288,-25,430137
-46,76234372,-23,62271958
-46,635457,-23,554018
-44,99427575,-12,14797955
-46,22851665,-23,32007653
-46,93750921,-19,59299766
-51,84701814,-21,87358853
-49,2451651,-16,70143129
-47,292114,-22,777456
-47,71563373,-23,10015383
-49,691037,-21,057387
-46,766812,-23,681282
-51,02722882,-30,08272399
-46,63676375,-23,5944516
-48,347887,-10,183875
-47,249575,-21,826322
-38,49048764,-3,735638598
-39,062258,-16,444276
-52,101524,-32,037718
-46,966886,-23,517477
-39,273454,-14,789178
-51,93289775,-23,42268159
-46,53051055,-23,50610937
-46,58414515,-23,58098007
-43,70172916,-22,24553911
-46,66888291,-23,59547838
-46,50735311,-23,56511182
-46,5899369,-23,56460328
-49,29093401,-25,47691922
-46,62334229,-23,46018157
-42,87753345,-20,75553859
-43,103331,-22,898739
-48,20866031,-7,191722866
-46,63947911,-23,61899202
-45,54966252,-22,96178859
-51,18132597,-29,90965985
-43,4398142,-23,01149311
-49,06812687,-26,92011677
-35,747084,-9,55639
-56,08400004,-13,83800004
-49,27046155,-25,42618417
-46,6641098,-23,53253579
-43,96745332,-19,93978464
-47,22243,-23,656504
-47,427647,-23,711637
-48,056661,-15,836014
-48,82884351,-21,75827372
-46,55987343,-23,53234417
-46,64426254,-23,64599477
-34,92109859,-8,168051185
-46,65003708,-23,47279728
-53,344631,-22,2434
-49,21682,-18,417202
-46,776597,-23,612218
-47,95029771,-16,25247295
-47,985038,-16,078906
-52,275944,-27,631049
-43,3096942,-15,8017282
-47,0765106,-22,93340615
-48,10027539,-15,81708417
-43,87097589,-16,74008608
-43,86604634,-16,72175172
-51,071885,0,039386
-49,94987362,-22,21924703
-46,824289,-22,438017
-48,5144626,-27,59130218
-42,14206975,-19,78719237
-44,27609111,-2,50151672
-49,49034435,-16,656573
-49,31288802,-16,68178888
-43,95007131,-19,8629692
-48,624666,-17,741598
-46,58860757,-23,66915756
-49,13520948,-5,350400484
-41,88036204,-22,7470301
-49,08463838,-26,48026278
-38,45769547,-12,97604476
-46,78593526,-23,5530284
-44,88725184,-20,14365165
-46,32087484,-23,39615983
-49,64234009,-27,21529269
-48,560268,-22,495512
-47,672017,-23,283581
-46,724884,-23,586042
-51,14525744,-29,76862761
-42,81812959,-22,91727582
-46,95858304,-22,43453995
-43,92611452,-19,88452696
-43,206414,-22,114573
-49,26834617,-25,43223406
-49,29643541,-16,66719791
-38,52908745,-3,728804351
-38,46522512,-12,98129106
-46,55957398,-23,56250905
-48,49565073,-1,456942478
-48,54479375,-27,58391967
-47,33101132,-22,73768626
-46,551799,-23,697419
-46,848847,-23,496646
-43,93833936,-19,91915762
-40,27206,-20,251069
-46,77854991,-23,52886305
-43,06132921,-21,04750789
-43,17357578,-19,80796039
-45,25095045,-19,73699498
-54,61770813,-20,45989632
-43,17712833,-22,9359748
-45,70691354,-23,10115801
-61,4465249,-11,42577521
-47,21350143,-23,08401262
-47,29317806,-23,2075237
-46,62564317,-23,68712876
-46,56899988,-22,068
-53,79518407,-29,68950256
-46,63574926,-23,55180454
-46,76730716,-23,54118246
-46,80253558,-23,63961041
-46,81544351,-23,83234136
-57,08641889,-29,75896565
-46,69468971,-23,54347981
-49,96813863,-22,18655181
-39,74001231,-17,53763799
-44,03855342,-19,97099267
-48,0626,-16,013395
-46,582513,-23,692169
-46,839466,-23,334587
-46,51491727,-23,63581493
-40,84117653,-14,85551923
-51,2799844,-23,27801748
-43,18135299,-22,89917939
-43,20875659,-22,80545926
-43,9473477,-19,93823357
-43,96503651,-19,97035001
-52,19238747,-29,60819853
-49,484796,-28,933832
-46,532892,-23,667324
-46,52185903,-23,52311753
-47,90031769,-15,73451026
-49,37143936,-28,67659909
-50,15765926,-25,09483839
-47,76220262,-15,90502204
-43,97804568,-19,91501688
-43,551255,-21,457045
-43,22157066,-22,92186291
-48,50499649,-25,51785657
-48,44489832,-22,88914267
-47,881838,-15,719936
-46,62278729,-23,69148272
-51,47015496,-25,39703471
-60,011575,-3,104064
-46,62511684,-23,52319511
-43,04043718,-22,65496546
-47,92847257,-15,8028686
-48,91399972,-20,73958639
-45,544891,-20,022385
-52,11600012,-21,76299999
-44,57558109,-20,07427803
-49,29574053,-25,51787116
-51,07981783,-29,93577927
-46,58498646,-23,46993847
-46,33671738,-23,96689696
-46,66096,-23,554198
-54,26123162,-28,3017327
-48,76942915,-22,35015169
-46,87482618,-17,22182576
-49,25803809,-16,67823259
-46,742955,-23,576871
-37,04471353,-10,95203872
-48,335465,-10,189261
-37,04895513,-10,91168264
-47,62126843,-21,90275799
-51,01053954,-26,77286192
-42,467061,-22,891317
-46,04900004,-19,31100003
-47,21636986,-23,08906048
-50,595847,-17,814632
-43,17681409,-22,90341818
-46,75583043,-23,55768003
-46,63813759,-23,6131083
-48,801168,-22,601087
-63,0241546,-9,913965843
-46,405151,-23,433616
-47,057311,-22,904659
-52,340458,-31,766684
-46,42181126,-23,5398936
-34,87228747,-8,036741176
-44,106412,-22,516618
-46,60970022,-20,72036716
-41,78227732,-22,37681218
-44,29833017,-23,00540342
-46,69426551,-23,50202098
-48,58010852,-27,58766597
-46,7005067,-23,52142684
-42,52508122,-19,47822001
-48,06810095,-15,80442769
-40,49869428,-20,67026105
-38,47986586,-3,79513776
-48,06029825,-16,02314854
-47,45989258,-23,49990518
-46,19427305,-23,5230604
-46,310563,-23,541444
-43,21734829,-22,98372959
-49,29070213,-25,46371114
-43,8277124,-22,46854522
-43,2544829,-22,86553661
-43,31206318,-22,78528227
-34,90207078,-8,11707644
-46,67940183,-23,55854493
-51,181849,-29,918817
-50,07656899,-23,29552733
-46,68606231,-23,67488811
-43,28247435,-22,90288641
-47,76818207,-21,20372223
-54,62534079,-16,47571411
-43,32120137,-23,00394363
-49,22260668,-21,46722682
-43,77346393,-21,22483077
-43,18645058,-22,91480883
-43,2271299,-19,62600606
-43,34393182,-22,93974235
-46,92862353,-23,60429575
-48,96804015,-21,13640437
-43,10844868,-22,90961978
-54,79388131,-22,22621141
-49,26645725,-16,68983743
-49,20457957,-25,53748527
-48,22291651,-21,78234454
-46,67715679,-23,5939087
-50,647063,-23,177713
-46,96096473,-23,4938773
-51,38662443,-22,12344278
-46,57580243,-23,58999986
-57,68824022,-16,06577315
-47,951947,-18,16889
-49,33151694,-24,1129085
-45,53899992,-20,28200004
-47,44730977,-23,54173512
-43,92827419,-19,78700961
-46,57013866,-23,47509468
-44,98431849,-19,87736014
-46,34401393,-23,52446008
-46,73075204,-23,64719913
-52,20500004,-23,184
-50,99556466,-29,93767647
-46,48363886,-23,54207601
-46,66729595,-23,47341917
-53,45640422,-24,95410527
-49,330628,-16,654061
-43,989479,-19,925729
-45,40089518,-23,80181007
-51,367774,-23,311143
-48,63277269,-26,98822927
-41,329793,-21,764261
-42,80128773,-5,070602781
-43,35051789,-21,75883272
-50,622712,-24,325514
-47,893197,-15,848512
-47,40818805,-22,57016246
-43,18207014,-22,90395192
-46,6979926,-23,62176622
-51,90721857,-23,42016455
-46,64094889,-23,54442206
-46,78919058,-24,18419651
-46,629,-24,08699997
-49,62812028,-22,90347797
-49,27546092,-25,43357279
-46,72827829,-23,53015378
-47,89381707,-22,0215998
-46,67294408,-23,5047032
-51,536922,-21,48773
-43,33905938,-22,87256061
-41,889213,-21,20643
-43,285974,-22,786956
-49,52839948,-25,45898544
-46,35130915,-23,47533955
-46,50697311,-23,52449476
-49,25202819,-25,47227711
-49,40705966,-25,59436797
-41,11207578,-20,84844608
-47,88240309,-15,72104032
-48,498934,-27,553852
-46,75628201,-23,40680049
-49,22902533,-25,45141498
-46,57216369,-23,54801277
-49,276933,-25,441047
-47,891855,-15,796072
-47,60696,-16,767949
-46,62739354,-23,62065434
-50,92812536,-20,20895268
-40,254938,-20,196852
-51,133837,-29,685217
-63,87727568,-8,747020751
-52,261523,-15,891891
-35,88493372,-7,216718659
-46,47929878,-23,4899269
-46,585567,-23,593484
-43,22349196,-22,89981151
-49,255509,-25,518334
-42,3338947,-22,86950915
-49,97428587,-20,42287636
-46,74533257,-23,58332017
-50,246682,-20,281269
-46,55139515,-23,70383952
-46,70234504,-22,61083627
-46,64212896,-23,6270301
-56,13787703,-15,64791459
-44,19957619,-19,96221084
-43,48821181,-23,02007645
-46,64527827,-23,54170419
-45,05474903,-22,1158895
-47,18468899,-23,54628865
-46,52858593,-22,59277593
-43,7917603,-20,65792113
-46,98492,-22,706984
-51,70967068,-20,78956127
-48,61477278,-27,59927674
-50,077385,-21,420152
-51,219158,-29,177271
-46,65716501,-23,54479431
-46,57509472,-23,53536045
-43,23204238,-22,92440345
-51,16013614,-23,3099607
-46,75632976,-23,54808954
-46,70678004,-23,6539356
-51,15343539,-27,0064854
-51,503597,-27,173418
-45,96177038,-20,47006482
-46,93243951,-23,54572014
-52,028549,-27,229773
-42,362007,-21,13191
-43,20021163,-22,98438392
-46,65983906,-23,55855075
-43,85043407,-19,98188591
-47,134835,-23,531309
-46,52362324,-23,5963346
-43,894423,-19,627593
-42,032171,-20,253758
-43,9514048,-19,92010101
-47,885436,-15,780595
-47,84403411,-24,49445155
-52,605993,-23,656977
-43,18999325,-22,97608669
-61,92456827,-10,88781087
-43,68153058,-22,92029602
-48,917195,-27,099338
-46,98965846,-20,91756929
-46,31027002,-23,97600203
-51,51710188,-29,16543386
-48,995353,-28,474292
-43,55827072,-22,90293275
-49,29451171,-25,47941943
-46,99692134,-24,32121496
-49,27933074,-25,43432644
-47,479385,-21,855115
-47,06534,-22,908104
-43,55691729,-22,88384852
-46,70921359,-21,30232324
-55,50421649,-11,85596443
-49,26558705,-25,43737284
-46,69443366,-23,5676276
-46,6595989,-23,65109519
-46,65293,-23,536077
-46,77541936,-23,53376824
-48,937728,-20,026744
-48,47905332,-20,94885608
-43,20210524,-22,80148235
-46,64106944,-23,63513043
-50,34171331,-21,29012256
-43,95390272,-19,81563794
-49,259958,-16,659972
-54,58624551,-25,54388339
-44,17283724,-22,54477386
-48,61481704,-27,58301008
-46,99951829,-21,466207
-52,09305936,-32,0324089
-46,99277288,-18,94170296
-52,45527976,-23,07685889
-46,62818835,-23,49679557
-49,4630394,-18,9741211
-56,11238279,-15,58806179
-49,0521935,-22,33935847
-49,38728583,-20,82704167
-46,527499,-23,655532
-46,7071789,-23,63226905
-46,54936727,-23,71159338
-43,34860545,-21,76501724
-46,42182668,-23,88470692
-46,85199984,-23,64900003
-45,947225,-21,428032
-46,8763957,-23,51138734
-43,17738158,-22,89907631
-44,00493802,-19,90082065
-46,65555192,-23,55744685
-47,56085589,-22,40672593
-35,70430899,-9,638109458
-46,771275,-23,53925021
-46,72445994,-23,32820411
-43,17656275,-22,90589287
-46,61487783,-23,60181782
-50,91952934,-17,78933566
-46,83720513,-23,21270921
-49,28143637,-25,43795387
-43,36534463,-22,98900814
-46,83268159,-23,50487851
-43,18260745,-22,94752005
-43,46569503,-22,87565189
-43,05733549,-22,94135384
-47,46837435,-23,4972245
-51,40577592,-22,11725056
-46,49133183,-23,50749847
-46,61811262,-23,61737924
-46,67832754,-23,58325298
-43,11446729,-22,90340645
-43,94678858,-19,92814657
-46,41096664,-23,9978741
-41,94477875,-18,85599724
-41,50815759,-17,86281091
-53,51974406,-26,72792928
-52,61527699,-27,10026818
-44,02085887,-19,97430694
-42,02941,-22,886498
-46,51476993,-18,58443057
-47,095252,-22,908996
-52,37659441,-24,04229633
-51,31546673,-30,10496883
-47,19723374,-22,64455639
-43,93958826,-19,9221861
-53,30619706,-23,76089905
-48,27673962,-18,91956377
-40,487925,-9,384907
-50,51485496,-21,93069433
-46,43038808,-23,46109014
-46,67401836,-23,52720556
-50,32848216,-27,81378348
-46,5754449,-23,542007
-49,34583463,-28,68419593
-56,07384067,-15,61204605
-44,95939454,-22,57660486
-46,73440042,-23,67465084
-48,922657,-23,099362
-43,96732618,-19,84116111
-49,38128643,-20,81193439
-49,86827236,-22,97889801
-60,02459134,-3,078995739
-46,57201104,-23,65415958
-43,18887891,-22,95292193
-46,43942588,-23,49386312
-47,81398739,-21,21000113
-47,21634345,-22,86439607
-46,57115973,-23,61184239
-46,31806684,-23,542184
-42,96882207,-22,41017958
-46,41420601,-23,71093437
-49,06781111,-26,91718993
-50,41682166,-22,66172555
-46,71981527,-23,48787658
-47,649079,-22,70427
-51,15149932,-30,01026236
-51,4361338,-23,41088524
-46,30262114,-23,94212793
-44,881728,-20,14908252
-46,68375629,-23,62413469
-46,64082425,-23,57910509
-57,473144,-14,609943
-43,23689707,-22,92547839
-50,15415896,-25,09558381
-47,897573,-15,811354
-38,947361,-12,242797
-43,17799422,-22,90912829
-45,00236144,-21,24803334
-45,462603,-22,925299
-48,55720189,-22,29650909
-38,51423919,-12,98300794
-46,64441392,-23,57192341
-48,876846,-23,990928
-35,72559282,-9,549474522
-40,63927341,-19,52039702
-43,12491793,-22,89148273
-53,41268017,-24,96079261
-47,45598692,-23,49989949
-38,67096492,-3,740632656
-49,51128124,-23,38785507
-51,03045992,-21,71929708
-34,8783542,-7,938914407
-35,70911701,-9,641699645
-46,96849571,-22,87768348
-48,62548266,-27,55259361
-54,40531829,-25,43593185
-36,8373594,-10,20816422
-49,23594728,-16,82286833
-35,70355906,-9,636701955
0,0
-49,65585044,-22,20895763
-47,48657634,-1,594096917
-48,91299289,-27,07153447
-49,16745163,-28,27602355
-35,77417248,-8,238628326
-52,53704166,-25,85641645
-44,19886157,-2,554181521
-35,72559282,-9,549474522
-53,21621593,-17,31375268
-49,71827838,-24,25776655
-46,5623764,-23,54385184
-51,24689393,-30,08366964
-38,52969802,-3,727856221
-38,75981802,-7,85862339
-42,79639766,-5,069067456
-48,50280131,-1,45600002
-34,88743953,-8,060153313
-45,29301918,-20,08727026
-47,92965883,-18,15295923
-48,467104,-22,921481
-38,47596641,-12,86523065
-46,50735311,-23,56511182
-48,22184092,-21,01150457
-49,25818541,-16,73470297
-45,06576057,-23,45031324
-43,91299069,-19,93840933
-35,95877372,-8,27203371
-46,68986696,-23,56608543
-40,49803823,-20,65269136
-46,31218697,-18,99864175
-44,63508546,-20,54029013
-37,27656988,-7,02766906
-48,61692811,-27,0938456
-42,22970841,-3,90700703
-43,93436469,-19,87814689
-48,03802842,-21,0240434
-52,01608522,-28,07058555
-51,0965464,-20,08683026
-51,96539996,-29,49994216
-42,80971822,-5,06483862
-41,95909774,-20,35722382
-54,24954252,-24,08228439
-53,30055037,-24,79984963
-51,549899,-28,9334099
-54,62108379,-20,46492348
-42,10289663,-22,83983684
-54,96318737,-20,94047149
-48,44306062,-1,372548432
-65,34287099,-10,79305619
-42,64587262,-19,53859461
-46,60210464,-21,76239291
-48,46629707,-27,60529238
-55,00596186,-10,23784936
-57,08479555,-29,76032551
-46,62656726,-23,51549592
-53,07177144,-23,78106459
-48,63527352,-26,98542844
-43,36064298,-3,74062604
-48,73972011,-22,07413684
-46,49469016,-23,4590543
-48,60821166,-26,112393
-49,13739697,-3,807884487
-49,29203301,-28,36058185
-49,52484027,-11,80943948
-46,53863063,-23,44448112
-48,44584647,-1,368912199
-43,28581988,-22,64995457
-49,96899411,-14,54899168
-37,79829234,-6,771251044
-50,52222646,-29,83037336
-54,96638041,-15,96487532
-51,10898214,-20,63774596
-52,84774318,-28,72590758
-42,78764939,-5,143223127
-38,45898582,-3,79591502
-46,65852123,-23,53174631
-40,81724428,-21,02828614
-44,59333935,-4,56023612
-63,90500532,-8,765054487
-49,87212276,-18,19333825
-56,08162511,-9,865634945
-46,71612483,-23,58908813
-47,30352206,-21,27636814
-48,47256321,-1,448839859
-46,32146878,-23,96458826
-38,14994845,-7,30405151
-48,12856531,-22,28601326
-46,79817695,-23,56187726
-51,08060506,-30,00329566
-50,83276574,-29,62880955
-42,12862902,-7,019353579
-41,1298631,-20,33334604
-41,90873372,-20,64886902
-61,9556317,-10,87498843
-46,71255505,-23,66688095
-42,22685423,-22,82540962
-47,76942267,-21,02035475
-48,43513885,-1,405293061
-47,03278537,-23,60422683
-44,86153176,-15,94717157
-53,68228999,-29,22844687
-51,19942535,-30,02359476
-47,94186316,-19,74055048
-53,93119802,-27,4557765
-46,6989599,-23,50166114
-34,8845747,-8,062746417
-49,27007967,-25,42305018
-48,3115395,-20,32129182
-34,84133095,-8,006568047
-46,94787179,-22,34434441
-40,40479909,-19,93433475
-38,62824139,-3,773511153
-44,1926489,-2,57409458
-49,65127029,-20,62442918
-48,95404835,-2,945163948
-49,73109551,-29,33658881
-47,02624636,-22,8937545
-46,33232712,-23,46412221
-35,71879193,-9,63733063
-58,18279846,-15,62715508
-49,5181865,-26,25652608
-48,31689981,-18,91034613
-50,84794066,-24,64924368
-47,83631079,-23,04987282
-37,05890446,-10,92979627
-46,85517661,-23,40739953
-38,36799313,-5,071951003
-56,10322159,-15,64848316
-49,26073413,-25,38915761
-59,98354563,-3,029621507
-45,35048705,-21,97525098
-34,91707411,-7,14981013
-48,67852864,-26,74852804
-49,31323085,-25,1914062
-42,85113195,-22,71181217
-40,86436663,-4,048131641
-52,35044507,-14,66398018
-36,51901898,-6,261028787
-51,00565758,-29,63623925
-48,39279009,-27,43618229
-42,07892479,-17,84571859
-49,5371024,-25,67872496
-46,33167708,-23,95920787
-60,00726253,-3,071962711
-34,83430558,-7,10555882
-46,63677527,-23,54146281
-43,8840884,-4,454898817
-46,42108046,-23,59364348
-40,37286179,-7,074576137
-46,11896967,-20,97195971
-46,90628244,-17,98922902
-46,36935479,-22,27957136
-49,22380767,-25,29265562
-44,06782475,-19,97538193
-45,40972158,-23,76003894
-38,49086544,-12,94758407
-52,98728625,-26,83755913
-61,98072581,-9,444011263
-48,9679089,-16,29180378
-43,21711679,-12,18345432
-55,86069402,-1,769876556
-46,66917749,-23,6329533
-53,42173428,-24,91548308
-49,80038844,-26,10833243
-39,26723852,-12,95741303
-46,61704743,-23,51766821
-46,72562493,-23,32512804
-50,84841242,-23,36780535
-49,85733277,-21,53898126
-45,12102241,-22,73300153
-52,17155393,-22,53060429
-36,65386031,-9,759648346
-43,45742103,-22,76276505
-46,76435776,-13,03820708
-35,26086075,-5,915136013
-40,3831829,-20,34128884
-49,01978138,-17,30403568
-34,97845663,-7,121569942
-38,98467283,-7,493603668
-42,54010945,-22,30442715
-37,27437971,-7,475490115
-41,02012267,-19,50855917
-43,55705365,-22,71626229
-45,0892137,-21,09355183
-38,4583956,-3,88450676
-44,88333381,-20,1274215
-43,96055465,-19,70084083
-50,06566447,-23,04724093
-38,23654393,-4,130055837
-46,70594328,-23,5239408
-43,02405454,-22,81514182
-49,94515869,-4,24733294
-43,92195497,-19,69109145
-51,99011753,-6,640650133
-46,51402067,-18,58505633
-63,83858599,-10,20618811
-49,24393217,-23,53608051
-37,64155358,-8,088289322
-54,91867304,-30,2563059
-39,29855208,-5,19753414
-38,96803228,-12,25799113
-38,80104288,-3,866824025
-44,49433879,-5,281695043
-40,32096987,-10,50885907
-52,16293338,-13,53013118
-40,25385441,-19,8313915
-46,33284401,-23,96852236
-54,53935566,-21,79949141
-49,24687665,-18,41130373
-51,0873555,-29,58172998
-49,54721167,-14,96670497
-52,37683425,-29,98475975
-59,99079158,-3,122985392
-50,46032504,-21,21031348
-49,63615601,-29,11607464
-47,06514461,-1,746446472
-41,20357228,-20,60284803
-38,34959942,-12,91129593
-48,53305915,-25,81801655
-36,6965966,-8,356345186
-49,28473506,-16,67452147
-46,80422344,-23,58490787
-46,03781286,-23,41319486
-38,47650411,-3,740652422
-38,47965948,-12,97815482
-54,73231933,-2,440310813
-52,53258059,-26,96236459
-46,49286733,-23,55222856
-43,07073101,-22,8137272
-49,06708317,-25,44857253
-53,83461861,-29,0899118
-35,26340816,-5,925844933
-50,17878614,-25,08583055
-49,26916808,-16,69811177
-52,0950806,-23,34482187
-42,51735297,-17,69304479
-46,32756606,-23,95248158
-43,93945979,-19,92242217
-44,05699688,-20,02011878
-38,2209593,-9,401414482
-48,15655841,-1,298059146
-59,99170819,-2,999640073
-48,77678127,-27,68650991
-37,99575339,-9,378606477
-49,82203585,-24,1481002
-54,24396683,-25,34601394
-40,66896006,-5,176514438
-46,63682057,-23,59866305
-53,13464656,-22,93078452
-52,20630407,-28,44899123
-44,24079276,-2,578085737
-44,09056117,-22,50658166
-43,36148165,-4,860934463
-38,52915924,-13,00610523
-40,37813413,-20,3361528
-52,15874533,-14,04966048
-63,88789419,-8,792021301
-38,39495512,-12,78552786
-49,31163766,-25,64971122
-50,03947409,-27,73677428
-52,85042825,-26,35903529
-48,57491246,-25,88223994
-49,8775049,-6,497460252
-56,14338508,-21,48216683
-51,64098513,-23,60007194
-56,38361585,-20,23878381
-35,22716164,-5,823564818
-38,51437988,-12,98330723
-35,22166757,-5,798449017
-43,39815231,-22,76388304
-37,74685543,-6,339949917
-48,54081412,-27,15371302
-51,96380263,-30,11784976
-51,62968338,-29,95966841
-48,62088426,-28,02921978
-40,50217294,-9,395291789
-48,6827581,-26,63310707
-46,73520864,-23,45045672
-40,93596975,-17,08195973
-35,9495901,-8,610118911
-52,81729066,-28,46216173
-60,6779026,2,814936262
-51,66523528,-23,2344731
-39,53863966,-17,03821932
-42,8422014,-5,081115744
-34,88915412,-7,139733904
-49,28368156,-25,42521091
-42,29604985,-4,246302614
-40,30589519,-20,12689139
-51,9809488,-31,36464139
-37,07231879,-10,94738024
-38,39818788,-12,93708699
-41,6790877,-20,77547376
-51,61261402,-27,34423385
-44,19791222,-13,39764923
-44,4583413,-18,3804022
-46,94602891,-23,42462952
-53,74413415,-24,72087966
-34,84630636,-7,084810678
-40,29554259,-20,35131923
-46,63634093,-23,69220139
-36,32911873,-8,66301423
-36,67923614,-9,170509275
-54,11034552,-31,32980454
-38,53624017,-10,83132141
-46,76128277,-23,65035572
-46,63596963,-23,54755695
-45,44673939,-19,15556389
-48,45215991,-1,346956427
-49,2992581,-16,71465161
-46,77209376,-1,06253225
-48,46627172,-1,467497111
-51,37191359,-29,13264216
-46,13884263,-5,816962981
-48,88439994,-1,724644262
-53,17172692,-26,76269751
-52,22785543,-27,88537133
-48,84535531,-26,29082864
-44,43322107,-16,20973277
-38,57085578,-3,769293232
-39,74384079,-17,53844618
-44,73102931,-17,59817537
-42,81691821,-14,92580432
-38,20530661,-6,112479668
-41,7785695,-4,278435318
-49,18311836,-25,40380272
-43,94122547,-19,91886147
-49,29876275,-25,31166855
-40,29537754,-20,29683802
-45,27492117,-20,89398661
-45,13345706,-4,571705705
-49,60102939,-27,41323993
-48,70564958,-18,5920566
-51,89342168,-28,84802749
-44,00782638,-19,80134602
-38,51321393,-12,97283266
-38,50188687,-12,9922239
-50,21872425,-22,78848912
-51,12903176,-29,68881495
-46,46058008,-23,59840903
-35,56514477,-8,199264226
-47,49745074,-18,72523391
-37,11897085,-7,889032243
-41,66747876,-14,20462531
-48,38037447,-19,92374215
-46,53944723,-19,47788315
-41,5147094,-17,86156655
-50,94075841,-17,81756192
-43,70860545,-22,60928436
-44,33943067,-19,9553873
-60,82747029,3,139937718
-38,49645296,-4,09881873
